SodiumChannelBlockers
class I antiarrhythmic
